1.000000,0.317725,-0.017881,-0.296454,-0.193029,0.505183,-0.163329,0.100000
0.317725,1.000000,-0.015740,-0.274809,-0.020512,0.430876,-0.152090,0.200000
-0.017881,-0.015740,1.000000,0.720212,0.665117,0.108100,0.522648,0.300000
-0.296454,-0.274809,0.720212,1.000000,0.862262,0.068222,0.422222,0.400000
-0.193029,-0.020512,0.665117,0.862262,1.000000,0.034111,0.317725,0.500000
0.505183,0.430876,0.108100,0.068222,0.034111,1.000000,0.000000,0.600000
-0.163329,-0.152090,0.522648,0.422222,0.317725,0.000000,1.000000,0.700000